 THR=  1.175494350822288E-038
 THR8=  2.225073858507201E-308
 Missing input file : wwminput.nml
